00000000000000000000000000000000
00000000000000000000000000000000
00000000000000000000000000000000
00000000000000000000000000000000
00000000000000000000000000000000
00000000000000000000000000000000
00000000000000000000000000000000
00000000000000000111111110000000
00000000000000001111111111000000
00000000001111110000011111110000
00000000111111100000001111111100
00000001100000000000000011111110
00000011000000000000000000111111
00000011000000000000000000001111
00000011000000000000000000000110
00000010000000000000000000000110
00000110000000000000000000000110
00000110000000000000000000001100
00001110000000000000000000001000
00001110000000000000000000001000
00001110000000000000000000010000
00001110000000000000000000110000
00001110000000000000000000100000
00001110000000000000000000000000
00001110000000000000000000000000
00001111000000000000000000000000
00001111110000000000000000000000
00001111111110000000000000000000
00000011111111111111100000000000
00000000011111111111000000000000
00000000000000000000000000000000
00000000000000000000000000000000
