00000000000110000000000000000000
00000000000111111110000000000000
00000000000111111111110000000000
00000000000111111111111100000000
00000011000111111111111111000000
00000111110111111111111111110000
00000111111000000111111111111000
00001111111000000000111111111100
00001111111000000000001111111110
00011111110000000000000111111111
00011111110000000000000001111111
00111111100000000000000001111111
00111111100000000000000000111111
00111111100000000000000000111111
01111111000000000000000000111111
01111111000000000000000000111111
01111111000000000000000000111111
01111111000000000000000000111111
01111110000000000000000000111111
01111110000000000000000001111111
01111110000000000000000001111111
11111110000000000000000001111111
01111110000000000000000011111110
01111111000000000000000011111110
01111111100000000000000111111100
00111111110000000000001111111100
00111111111100000000011111111000
00011111111111111111111111111000
00001111111111111111111111110000
00000011111111111111111111000000
00000001111111111111111110000000
00000000001111111111111000000000
