00000000000000000000000000000000
00000000000000000000000000000000
00000000000000000000000000000000
00000000011111111111100000000000
00000000011111111111100000000000
00000000011111111111100000000000
00000000011111111111100000000000
00000000011111111111100000000000
00000000011111111111100000000000
00000000011111111111100000000000
00000000011111111111100000000000
00000000011111111111100000000000
00000000011111111111100000000000
00000000011111111111100000000000
00000000011111111111100000000000
00000000011111111111100000000000
00000000011111111111100000000000
00000000011111111111100000000000
00000000011111111111100000000000
00000000011111111111100000000000
00000000011111111111100000000000
00000000011111111111100000000000
00000000011111111111100000000000
00000000011111111111100000000000
00000000011111111111100000000000
00000000011111111111100000000000
00000000011111111111100000000000
00000000011111111111100000000000
00000000011111111111100000000000
00000000000000000000000000000000
00000000000000000000000000000000
00000000000000000000000000000000
