00000000000001111111111111111111
00000000000001111111111111111111
00000000000011111111111111111111
00000000000011111111111111111111
00000000000011111111111111111111
00000000000011111111111111111111
00000000000011111111111111111111
00000000000011111111111111111110
00000000000011111111111111111110
00000000000011111111111111111110
00000000000011111111111111111110
00000000000111111111111111111110
00000000000111111111111111111100
00000000001111111111111111111100
00000000001111111111111111111100
00000000001111111111111111111100
00000000001111111111111111111100
00000000001111111111111111111100
00000000000111111111111111111110
00000000000011111111111111111110
00000000000111111111111111111110
00000000000111111111111111111110
00000000000111111111111111111110
00000000000111111111111111111110
00000000001111111111111111111100
00000000001111111111111111111000
00000000011111111111111111111000
00000000111111111111111111110000
00000001111111111111111111100000
00000111111111111111111110000000
00011111111111111111111000000000
01111111111111111111100000000000
