00000000000000000000000000000000
00000000000000000000000000000000
00000000000000000000000000000000
00000000000000000011111000000000
00000000000111111111111100000000
00000000001111111110001100000000
00000000011100000000001100000000
00000000011000000000001100000000
00000000011000000000001100000000
00000000111000000000001100000000
00000001110000000000001100000000
00000001100000000000001100000000
00000011100000000000001100000000
00000011000000000000011100000000
00000111000000000000111000000000
00001110000000000011110000000000
00000000000000001111100000000000
00000000000000011110000000000000
00000000000001111000000000000000
00000000000011110000000000000000
00000000000111000000000000000000
00000000001110000000000000000000
00000000111100000000000000000000
00000001111000000000000000000000
00000011100111111111111111100000
00000111011111111111111111110000
00001111111100000000000000000000
00001111110000000000000000000000
00000000000000000000000000000000
00000000000000000000000000000000
00000000000000000000000000000000
00000000000000000000000000000000
