00000000001000000000000000000000
00000000001100000000000000000000
00000000011111000000000000000000
00000000011111110000000000000000
00000000111111110000000000000000
00000000111111100000000000000000
00000001111111100011111000000000
00000001111111100011111110000000
00000001111111000011111110000000
00000011111111000011111110000000
00000011111110000011111110000000
00000111111110000011111110000000
00000111111100000011111110000000
00001111111100000011111110000000
00001111111000000011111110001000
00001111111000000011111111111100
00011111111000000011111111111100
00011111110000000011111111111110
00011111110000000011111111111111
00111111110000011111111111111111
00111111100111111111111111111100
01111111111111111111111111100000
01111111111111111111111110000000
11111111111111111111111000000000
01111111111111111111111000000000
01111111111111111111111000000000
00111111111100001111111000000000
00001111000000001111111000000000
00000000000000001111111000000000
00000000000000001111111000000000
00000000000000001111111000000000
00000000000000000001111000000000
