00000000000100000000000000000000
00000000000111110000000000000000
00000000001111110000000000000000
00000000001111110000000000000000
00000000011111100000000000000000
00000000011111100000000000000000
00000000111111000000000000000000
00000000111111000000000000000000
00000001111110000000000000000000
00000001111110000000000000000000
00000011111100000000111110000000
00000111111000000000111110000000
00000111111000000001111110000000
00001111110000000001111110000000
00001111110000000001111110000000
00011111100000000001111100000000
00111111000000000001111100000000
00111111000000000011111100000000
01111110000000000011111100000000
01111110000000000011111111111110
01111100000000001111111111111110
01111111111111111111111111111111
11111111111111111111111111111100
01111111111111111111110000000000
00111111111111111111110000000000
00000000000000001111100000000000
00000000000000001111100000000000
00000000000000001111100000000000
00000000000000011111100000000000
00000000000000011111100000000000
00000000000000011111100000000000
00000000000000011111000000000000
