00000000000000000000000000000000
00000000000000000000000000111000
00000000000000000000000001111110
00000000000000000000000111111111
00000000000000000000001111111110
00000000000000000000011111111110
00000000000000000001111111111111
00000000000000000011111111111111
00000000000000001111111111111111
00000000000000011111111111111111
00000000000001111111111001111111
00000000000111111111100001111111
00000000001111111111000001111111
00000000111111111100000001111111
00000001111111111000000001111110
00000011111111100000000001111110
00001111111111000000000011111110
00011111111100000001111111111110
01111111111111111111111111111110
01111111111111111111111111111110
01111111111111111111111111111110
00111111111111111111111111111110
00011111111111111110000011111110
00000000000000000000000011111110
00000000000000000000000011111110
00000000000000000000000011111110
00000000000000000000000011111110
00000000000000000000000011111110
00000000000000000000000011111110
00000000000000000000000011111110
00000000000000000000000011111110
00000000000000000000000011111110
