00000000000000000000000000000000
00000000000000000000000000011100
00000011111100000000000111111110
00000111111100000000011111111110
00001111111100000111111111111111
00001111111000111111111111111111
00001111111111111111111111111000
00011111111111111111111111000000
00011111111111111111111000000000
00011111111111111111000000000000
00111111110111110000000000000000
00111111100010000000000000000000
00111111100000000000000000000000
01111111100000000000000000000000
01111111000000000000011111000000
01111111111111111111111111110000
11111111111111111111111111111000
01111111111111111111111111111100
00111111111111111111111111111100
00011111111111111111111111111100
00000000000000000000000111111100
00000000000000000000000111111100
00000000000000000000000111111100
00000000000000000000000111111100
00000000000000000000000111111100
00000000000000000000011111111100
00000000000000000001111111111100
00000000000111111111111111111000
00000000000111111111111111110000
00000000001111111111111111000000
00000000001111111111111100000000
00000000011111111111100000000000
