00000000000000000000000000000000
00000000000000000000000000000000
00000000000000000000000000000000
00000000000000000000000000000000
00000000000000000000000000000000
00000000000000000000000000000000
00000000000000000000000000000000
00000000000000001111110000000000
00000000000000011111100000000000
00000000000000100000000000000000
00000000000001000000000000000000
00000000000001000000000000000000
00000000000010000000000000000000
00000000000100000000000000000000
00000000001000000000000000000000
00000000001000000000000000000000
00000000011000000000000000000000
00000000111111111111110000000000
00000000111111111111111110000000
00000000111000000001111111000000
00000000111000000000001111110000
00000000111000000000001111110000
00000000111000000000000001100000
00000000111000000000000001000000
00000000111000000000000010000000
00000000111000000000001100000000
00000000111100000000011000000000
00000000111100000001100000000000
00000000111111111110000000000000
00000000011111111100000000000000
00000000000000000000000000000000
00000000000000000000000000000000
