00000000000000000000000000011100
00000000000000000000001111111110
00000000000000001111111111111111
00001111111111111111111111111111
11111111111111111111111111111111
11111111111111111111100001111110
11111111111111000000000001111110
00000000000000000000000001111110
00000000000000000000000011111100
00000000000000000000000011111100
00000000000000000000000111111000
00000000000000000000000111111000
00000000000000000000001111110000
00000000000000011110001111110000
00000000000000011111111111110000
00000000000000011111111111100000
00000000000000001111111111100000
00000000000000000011111111111000
00000000000000000000111111111110
00000000000000000001111111111110
00000000000000000001111110111100
00000000000000000011111110000000
00000000000000000011111100000000
00000000000000000011111100000000
00000000000000000011111100000000
00000000000000000111111000000000
00000000000000000111111000000000
00000000000000000111111000000000
00000000000000000111111000000000
00000000000000001111110000000000
00000000000000000111110000000000
00000000000000000011100000000000
