00000000000000000000000000000000
00000000000000000000000000000000
00000000000000000000000000000000
00000000000000000000000000000000
00000000000000000000000000010000
00000000000000001000000000100000
00000000000000010000000001000000
00000000000000100000000100000000
00000000000001000000001000000000
00000000000011000000010000000000
00000000000111000000100000000000
00000000000111000001000000000000
00000000000111000011000000000000
00000000000111000010000000000000
00000000000111000110000000000000
00000000000111100100000000000000
00000000000111111100000000000000
00000000000111111000000000000000
00000000000011111111000000000000
00000000000001111111110000000000
00000000000000111111111111000000
00000000000000110011111111110000
00000000000000100000001111111000
00000000000001100000000011111000
00000000000001100000000000111000
00000000000001000000000000110000
00000000000011000000000001100000
00000000000011000000000011000000
00000000000111000000001000000000
00000000000111111111100000000000
00000000000111111111000000000000
00000000000000000000000000000000
