00000000000011000000000000000000
00000000000011111111000000000000
00000111110011111111111000000000
00011111110011111111111111000000
00111111110111111111111111110000
01111111110111111111111111111000
01111111110000000111111111111100
01111111110000000000111111111100
11111111110000000000011111111100
11111111110000000000011111111100
01111111111000000000011111111100
01111111111100000000111111111100
00111111111110000011111111111000
00011111111111101111111111111000
00001111111111111111111111110000
00000111111111111111111111000000
00000001111111111111111100000000
00000000111111111111111100000000
00000011111111111111111111000000
00000111111111111111111111110000
00011111111111111111111111111000
00011111111111000011111111111100
00111111111100000000111111111110
00111111111000000000011111111111
00111111111100000000000111111111
00111111111111100000000111111111
00011111111111111100000111111111
00001111111111111111111111111111
00000011111111111111111111111111
00000000111111111111111111111111
00000000000111111111111111111110
00000000000000111111111111111000
