00000000000000000000000000000000
00000000000000000000000000000000
00000000000000000000000000000000
00000000000000000000000000000000
00000000000000000000000000011100
00000000000000000000000000111100
00000000000000000000000001011100
00000000000001111100000001011000
00000000000011111110000011011000
00000000000110111111000111010000
00000000000100011110000111010000
00000000001100000000000110110000
00000000001100000000000100110000
00000000011100000000011001110000
00000000011100000001100001100000
00000000011100000010000001100000
00000000011100001000000001000000
00000000011111110000000001000000
00000000011111000000000010000000
00000000000000000000000010000000
00000000000000000000000110000000
00000000000000000000000110000000
00000000000000000000001110000000
00000000000000000000001110000000
00000000000000000000001110000000
00000000000000000000001100000000
00000000000000000000001100000000
00000000000000000000001000000000
00000000000000000000011000000000
00000000000000000000011000000000
00000000000000000000010000000000
00000000000000000000110000000000
