00000000000001110000000000000000
00000000111111110000000000000000
00000011111111110000000000011000
00001111111111110000000001111100
00011111111111110000000011111110
00111111111100000000000111111111
01111111110000000000011111111111
01111111100000000001111111111111
01111111000000000111111111111110
01111111111111111111111111111100
01111111111111111111111111111000
00111111111111111111111111111000
00011111111111111111111111110000
00000000111111100001111111100000
00000000000000000001111111100000
00000000000000000011111111000000
00000000000000000111111110000000
00000000000000000111111110000000
00000000000000001111111100000000
00000000000000001111111000000000
00000000000000011111111000000000
00000000000000111111110000000000
00000000000000111111110000000000
00000000000000111111100000000000
00000000000001111111100000000000
00000000000001111111100000000000
00000000000001111111000000000000
00000000000011111111000000000000
00000000000011111111000000000000
00000000000011111110000000000000
00000000000011111110000000000000
00000000000111111110000000000000
