00000000000010000000000000000000
00000000111111111100000000000000
00000011111111111110000000011100
00001111111111111110000000111111
00011111110000001100000011111111
00111111000000000000000111111111
01111110000000000000011111111111
01111100000000000001111111111110
01111100000000000111111111111100
11111100000000111111111111111100
01111111111111111111110111111000
01111111111111111111000111110000
00001111111111111000001111110000
00000001111110000000011111100000
00000000000000000000011111000000
00000000000000000000111111000000
00000000000000000000111110000000
00000000000000000001111110000000
00000000000000000001111100000000
00000000000000000011111000000000
00000000000000000111111000000000
00000000000000000111110000000000
00000000000000001111100000000000
00000000000000001111100000000000
00000000000000011111000000000000
00000000000000011111000000000000
00000000000000011111000000000000
00000000000000111110000000000000
00000000000000111110000000000000
00000000000000111110000000000000
00000000000001111110000000000000
00000000000001111100000000000000
